#
#
#  Percent Identity  Matrix - created by Clustal2.1 
#
#
	PUL4
     1: Zygoto_mrakii      100.00   42.64   45.50   44.14   30.11   31.17
     2: Kluy_dobz           42.64  100.00   63.01   61.92   29.26   31.85
     3: Kluy.               45.50   63.01  100.00   76.61   30.21   32.57
     4: Kluy_wicker         44.14   61.92   76.61  100.00   30.78   32.76
     5: Candidozyma_auris   30.11   29.26   30.21   30.78  100.00   39.92
     6: Pulcherrima_MP      31.17   31.85   32.57   32.76   39.92  100.00
